0.000000000000000000e+00 1.166190378969060149e+01 6.708203932499369415e+00 5.000000000000000000e+00 1.307669683062202104e+01 1.256980508997653523e+01 1.183215956619923226e+01 2.061552812808830382e+01 1.044030650891055068e+01 6.403124237432848531e+00 1.424780684877500647e+01 5.099019513592784492e+00 6.324555320336759046e+00 1.897366596101027625e+01 1.749285568453590045e+01 1.479864858694874208e+01 1.931320791582796659e+01 1.004987562112088995e+01 1.640121946685672683e+01 1.183215956619923226e+01 1.772004514666934938e+01 1.846618531261938756e+01 1.723368793961408585e+01 1.774823934929884928e+01 2.211334438749598164e+01 1.067707825203131122e+01 2.202271554554523902e+01 1.920937271229854559e+01 1.392838827718411920e+01 1.236931687685298087e+01 1.307669683062202104e+01 7.483314773547882659e+00 1.558845726811989607e+01 5.916079783099616130e+00 1.987460691435179072e+01 1.813835714721705372e+01 1.905255888325764957e+01 1.972308292331602075e+01 9.486832980505138124e+00 6.082762530298219339e+00 9.539392014169456147e+00 2.012461179749810825e+01 5.830951894845300743e+00 1.435270009440732331e+01 1.086278049120021549e+01 2.167948338867880054e+01 6.164414002968976014e+00 1.539480431834065222e+01 2.389560629069704234e+01 1.655294535724684835e+01
1.166190378969060149e+01 0.000000000000000000e+00 1.044030650891055068e+01 1.004987562112088995e+01 1.178982612255159523e+01 1.421267040355189515e+01 2.000000000000000000e+00 1.187434208703791683e+01 5.385164807134503739e+00 1.445683229480096088e+01 1.452583904633394951e+01 1.224744871391589029e+01 1.166190378969060149e+01 1.414213562373095101e+01 1.838477631085023489e+01 3.316624790355400254e+00 2.435159132377184221e+01 1.220655561573370207e+01 1.473091986265623454e+01 1.400000000000000000e+01 1.288409872672512613e+01 8.544003745317530374e+00 1.252996408614166768e+01 1.705872210923197940e+01 1.791647286716891685e+01 5.477225575051661188e+00 1.565247584249852864e+01 1.417744687875782539e+01 1.489966442575133954e+01 1.590597372058686609e+01 5.196152422706632024e+00 1.673320053068151125e+01 1.682260384126072239e+01 1.584297951775485913e+01 1.774823934929884928e+01 1.791647286716891685e+01 1.729161646579058242e+01 2.051828452868319275e+01 1.378404875209022151e+01 1.268857754044952024e+01 3.316624790355399810e+00 1.236931687685298087e+01 7.874007874011811126e+00 9.899494936611665352e+00 1.272792206135785520e+01 1.726267650163206824e+01 1.630950643030008962e+01 1.374772708486752038e+01 1.658312395177700083e+01 9.273618495495703939e+00
6.708203932499369415e+00 1.044030650891055068e+01 0.000000000000000000e+00 6.782329983125268136e+00 7.348469228349534532e+00 8.062257748298549132e+00 1.004987562112088995e+01 1.702938636592640265e+01 6.324555320336759046e+00 1.280624847486569706e+01 8.602325267042626677e+00 1.118033988749894903e+01 7.000000000000000000e+00 1.920937271229854559e+01 1.307669683062202104e+01 1.363818169698585514e+01 1.984943324127920761e+01 1.456021977856103611e+01 1.838477631085023489e+01 5.385164807134503739e+00 1.878829422805593552e+01 1.630950643030008962e+01 1.529705854077835525e+01 1.849324200890692893e+01 2.019900987672415482e+01 8.306623862918074863e+00 1.854723699099140788e+01 1.766352173265569547e+01 1.063014581273464998e+01 9.486832980505138124e+00 1.122497216032182443e+01 1.063014581273464998e+01 1.272792206135785520e+01 1.104536101718726115e+01 2.140093455903269515e+01 2.009975124224177989e+01 1.974841765813149763e+01 2.097617696340303084e+01 6.708203932499369415e+00 5.830951894845300743e+00 9.695359714832658682e+00 1.849324200890692893e+01 3.605551275463989125e+00 1.315294643796590535e+01 6.082762530298219339e+00 1.746424919657297892e+01 1.220655561573370207e+01 1.341640786499873883e+01 1.984943324127920761e+01 1.345362404707370985e+01
5.000000000000000000e+00 1.004987562112088995e+01 6.782329983125268136e+00 0.000000000000000000e+00 1.029563014098700080e+01 9.433981132056603158e+00 9.433981132056603158e+00 1.673320053068151125e+01 8.602325267042626677e+00 7.874007874011811126e+00 1.157583690279022548e+01 6.403124237432848531e+00 2.236067977499789361e+00 1.445683229480096088e+01 1.403566884761819900e+01 1.319090595827291956e+01 1.593737745050922783e+01 8.366600265340755627e+00 1.232882800593795203e+01 1.135781669160054719e+01 1.367479433117734366e+01 1.489966442575133954e+01 1.240967364599085698e+01 1.303840481040529831e+01 1.714642819948224783e+01 7.141428428542850426e+00 1.749285568453590045e+01 1.435270009440732331e+01 9.848857801796103928e+00 9.055385138137417300e+00 9.486832980505138124e+00 6.708203932499369415e+00 1.140175425099137918e+01 6.480740698407860378e+00 1.555634918610404505e+01 1.392838827718411920e+01 1.435270009440732331e+01 1.529705854077835525e+01 6.557438524302000360e+00 3.741657386773941329e+00 7.348469228349534532e+00 1.574801574802362225e+01 4.123105625617660586e+00 9.643650760992954929e+00 8.062257748298549132e+00 1.729161646579058242e+01 7.810249675906653977e+00 1.048808848170151542e+01 1.964688270438849926e+01 1.244989959798873258e+01
1.307669683062202104e+01 1.178982612255159523e+01 7.348469228349534532e+00 1.029563014098700080e+01 0.000000000000000000e+00 4.123105625617660586e+00 1.034408043278860134e+01 1.208304597359457233e+01 6.782329983125268136e+00 1.805547008526778896e+01 2.828427124746190291e+00 1.640121946685672683e+01 9.539392014169456147e+00 1.705872210923197940e+01 7.549834435270749822e+00 1.428285685708570085e+01 1.860107523773827509e+01 1.772004514666934938e+01 1.805547008526778896e+01 5.916079783099616130e+00 1.780449381476485726e+01 1.349073756323204165e+01 1.122497216032182443e+01 1.661324772583614973e+01 1.529705854077835525e+01 7.549834435270749822e+00 1.256980508997653523e+01 1.363818169698585514e+01 6.403124237432848531e+00 7.348469228349534532e+00 9.797958971132711525e+00 1.424780684877500647e+01 8.485281374238569541e+00 1.574801574802362225e+01 2.009975124224177989e+01 1.933907960581371555e+01 1.766352173265569547e+01 1.933907960581371555e+01 6.708203932499369415e+00 9.055385138137417300e+00 1.166190378969060149e+01 1.489966442575133954e+01 7.810249675906653977e+00 1.063014581273464998e+01 3.605551275463989125e+00 1.063014581273464998e+01 1.746424919657297892e+01 9.486832980505138124e+00 1.356465996625053627e+01 9.219544457292887074e+00
1.256980508997653523e+01 1.421267040355189515e+01 8.062257748298549132e+00 9.433981132056603158e+00 4.123105625617660586e+00 0.000000000000000000e+00 1.272792206135785520e+01 1.459451951932642366e+01 9.643650760992954929e+00 1.700000000000000000e+01 3.000000000000000000e+00 1.574801574802362225e+01 7.874007874011811126e+00 1.702938636592640265e+01 5.099019513592784492e+00 1.700000000000000000e+01 1.479864858694874208e+01 1.711724276862369010e+01 1.723368793961408585e+01 7.071067811865475505e+00 1.794435844492636178e+01 1.584297951775485913e+01 1.144552314225959755e+01 1.500000000000000000e+01 1.486606874731850603e+01 9.273618495495703939e+00 1.374772708486752038e+01 1.374772708486752038e+01 3.464101615137754830e+00 3.316624790355399810e+00 1.170469991071962568e+01 1.157583690279022548e+01 5.385164807134503739e+00 1.374772708486752038e+01 1.910497317454279909e+01 1.780449381476485726e+01 1.640121946685672683e+01 1.711724276862369010e+01 3.741657386773941329e+00 7.141428428542850426e+00 1.315294643796590535e+01 1.615549442140351033e+01 8.485281374238569541e+00 1.095445115010332238e+01 2.000000000000000000e+00 1.122497216032182443e+01 1.574801574802362225e+01 8.306623862918074863e+00 1.539480431834065222e+01 1.122497216032182443e+01
1.183215956619923226e+01 2.000000000000000000e+00 1.004987562112088995e+01 9.433981132056603158e+00 1.034408043278860134e+01 1.272792206135785520e+01 0.000000000000000000e+00 1.024695076595959797e+01 4.582575694955839829e+00 1.473091986265623454e+01 1.307669683062202104e+01 1.256980508997653523e+01 1.077032961426900748e+01 1.280624847486569706e+01 1.667333200053306541e+01 4.358898943540673976e+00 2.291287847477919826e+01 1.220655561573370207e+01 1.374772708486752038e+01 1.326649916142159924e+01 1.191637528781298450e+01 7.280109889280518054e+00 1.063014581273464998e+01 1.558845726811989607e+01 1.603121954188139853e+01 3.741657386773940885e+00 1.374772708486752038e+01 1.236931687685298087e+01 1.319090595827291956e+01 1.445683229480096088e+01 3.316624790355399366e+00 1.612451549659709826e+01 1.506651917331936374e+01 1.558845726811989607e+01 1.658312395177700083e+01 1.676305461424021104e+01 1.584297951775485913e+01 1.910497317454279909e+01 1.256980508997653523e+01 1.187434208703791683e+01 3.316624790355399810e+00 1.081665382639196871e+01 7.348469228349534532e+00 8.124038404635960831e+00 1.140175425099137918e+01 1.529705854077835525e+01 1.630950643030008962e+01 1.187434208703791683e+01 1.479864858694874208e+01 7.348469228349534532e+00
2.061552812808830382e+01 1.187434208703791683e+01 1.702938636592640265e+01 1.673320053068151125e+01 1.208304597359457233e+01 1.459451951932642366e+01 1.024695076595959797e+01 0.000000000000000000e+00 1.157583690279022548e+01 2.336664289109584658e+01 1.407124727947028830e+01 2.147091055358388800e+01 1.688194301613413373e+01 1.204159457879229578e+01 1.552417469626002422e+01 1.157583690279022548e+01 2.404163056034261459e+01 1.964688270438849926e+01 1.624807680927192166e+01 1.746424919657297892e+01 1.337908816025965208e+01 5.099019513592784492e+00 7.874007874011811126e+00 1.581138830084189628e+01 1.067707825203131122e+01 9.949874371066199430e+00 5.477225575051661188e+00 8.602325267042626677e+00 1.374772708486752038e+01 1.667333200053306541e+01 8.124038404635960831e+00 2.238302928559939176e+01 1.476482306023340030e+01 2.302172886644267535e+01 1.702938636592640265e+01 1.827566688249706672e+01 1.542724862054151203e+01 1.933907960581371555e+01 1.658312395177700083e+01 1.794435844492636178e+01 1.288409872672512613e+01 6.324555320336759046e+00 1.513274595042155646e+01 9.000000000000000000e+00 1.459451951932642366e+01 8.660254037844387298e+00 2.435159132377184221e+01 1.104536101718726115e+01 5.099019513592784492e+00 4.358898943540673976e+00
1.044030650891055068e+01 5.385164807134503739e+00 6.324555320336759046e+00 8.602325267042626677e+00 6.782329983125268136e+00 9.643650760992954929e+00 4.582575694955839829e+00 1.157583690279022548e+01 0.000000000000000000e+00 1.509966887054149964e+01 9.486832980505138124e+00 1.300000000000000000e+01 9.433981132056603158e+00 1.577973383805949936e+01 1.396424004376894068e+01 8.124038404635960831e+00 2.204540768504860182e+01 1.428285685708570085e+01 1.643167672515498268e+01 8.774964387392122589e+00 1.539480431834065222e+01 1.048808848170151542e+01 1.191637528781298450e+01 1.714642819948224783e+01 1.720465053408525335e+01 4.123105625617660586e+00 1.442220510185595650e+01 1.414213562373095101e+01 1.118033988749894903e+01 1.191637528781298450e+01 6.164414002968976014e+00 1.473091986265623454e+01 1.334166406412633421e+01 1.476482306023340030e+01 1.923538406167134340e+01 1.886796226411320632e+01 1.783255450012700649e+01 2.039607805437113797e+01 9.848857801796103928e+00 9.695359714832658682e+00 6.164414002968976014e+00 1.363818169698585514e+01 5.000000000000000000e+00 9.848857801796103928e+00 8.062257748298549132e+00 1.459451951932642366e+01 1.577973383805949936e+01 1.183215956619923226e+01 1.529705854077835525e+01 8.544003745317530374e+00
6.403124237432848531e+00 1.445683229480096088e+01 1.280624847486569706e+01 7.874007874011811126e+00 1.805547008526778896e+01 1.700000000000000000e+01 1.473091986265623454e+01 2.336664289109584658e+01 1.509966887054149964e+01 0.000000000000000000e+00 1.923538406167134340e+01 2.236067977499789805e+00 9.219544457292887074e+00 1.824828759089465890e+01 2.142428528562854950e+01 1.702938636592640265e+01 1.913112646970899178e+01 6.324555320336759046e+00 1.421267040355189515e+01 1.791647286716891685e+01 1.640121946685672683e+01 2.034698994937580352e+01 1.870828693386970798e+01 1.667333200053306541e+01 2.306512518934159317e+01 1.389244398944980396e+01 2.441311123146740414e+01 2.009975124224177989e+01 1.723368793961408585e+01 1.593737745050922783e+01 1.542724862054151203e+01 8.306623862918074863e+00 1.838477631085023489e+01 5.099019513592784492e+00 1.772004514666934938e+01 1.574801574802362225e+01 1.783255450012700649e+01 1.800000000000000000e+01 1.360147050873544394e+01 1.009950493836207741e+01 1.157583690279022548e+01 2.111871208194287419e+01 1.081665382639196871e+01 1.565247584249852864e+01 1.565247584249852864e+01 2.475883680627989492e+01 3.605551275463989125e+00 1.720465053408525335e+01 2.672077843177477519e+01 1.920937271229854559e+01
1.424780684877500647e+01 1.452583904633394951e+01 8.602325267042626677e+00 1.157583690279022548e+01 2.828427124746190291e+00 3.000000000000000000e+00 1.307669683062202104e+01 1.407124727947028830e+01 9.486832980505138124e+00 1.923538406167134340e+01 0.000000000000000000e+00 1.780449381476485726e+01 1.034408043278860134e+01 1.862793601019715695e+01 5.385164807134503739e+00 1.708800749063506075e+01 1.749285568453590045e+01 1.933907960581371555e+01 1.944222209522358114e+01 5.916079783099616130e+00 1.962141687034858251e+01 1.593737745050922783e+01 1.256980508997653523e+01 1.732050807568877460e+01 1.593737745050922783e+01 1.004987562112088995e+01 1.363818169698585514e+01 1.489966442575133954e+01 5.744562646538028616e+00 6.164414002968976014e+00 1.232882800593795203e+01 1.424780684877500647e+01 7.483314773547882659e+00 1.624807680927192166e+01 2.126029162546929996e+01 2.024845673131658685e+01 1.854723699099140788e+01 1.964688270438849926e+01 6.403124237432848531e+00 9.486832980505138124e+00 1.414213562373095101e+01 1.679285562374666441e+01 9.643650760992954929e+00 1.236931687685298087e+01 3.605551275463989125e+00 1.081665382639196871e+01 1.813835714721705372e+01 1.009950493836207741e+01 1.469693845669906906e+01 1.135781669160054719e+01
5.099019513592784492e+00 1.224744871391589029e+01 1.118033988749894903e+01 6.403124237432848531e+00 1.640121946685672683e+01 1.574801574802362225e+01 1.256980508997653523e+01 2.147091055358388800e+01 1.300000000000000000e+01 2.236067977499789805e+00 1.780449381476485726e+01 0.000000000000000000e+00 8.124038404635960831e+00 1.714642819948224783e+01 2.034698994937580352e+01 1.486606874731850603e+01 1.946792233393178506e+01 5.744562646538028616e+00 1.360147050873544394e+01 1.643167672515498268e+01 1.529705854077835525e+01 1.841195263952196726e+01 1.729161646579058242e+01 1.615549442140351033e+01 2.193171219946130890e+01 1.191637528781298450e+01 2.282542442102665348e+01 1.878829422805593552e+01 1.612451549659709826e+01 1.506651917331936374e+01 1.345362404707370985e+01 8.602325267042626677e+00 1.746424919657297892e+01 5.744562646538028616e+00 1.723368793961408585e+01 1.552417469626002422e+01 1.723368793961408585e+01 1.791647286716891685e+01 1.256980508997653523e+01 9.110433579144299188e+00 9.433981132056603158e+00 1.951922129594313660e+01 8.944271909999159220e+00 1.414213562373095101e+01 1.428285685708570085e+01 2.328089345364563201e+01 4.898979485566355763e+00 1.603121954188139853e+01 2.500000000000000000e+01 1.737814719698276633e+01
6.324555320336759046e+00 1.166190378969060149e+01 7.000000000000000000e+00 2.236067977499789361e+00 9.539392014169456147e+00 7.874007874011811126e+00 1.077032961426900748e+01 1.688194301613413373e+01 9.433981132056603158e+00 9.219544457292887074e+00 1.034408043278860134e+01 8.124038404635960831e+00 0.000000000000000000e+00 1.469693845669906906e+01 1.224744871391589029e+01 1.479864858694874208e+01 1.403566884761819900e+01 9.848857801796103928e+00 1.268857754044952024e+01 1.077032961426900748e+01 1.435270009440732331e+01 1.565247584249852864e+01 1.204159457879229578e+01 1.244989959798873258e+01 1.640121946685672683e+01 7.874007874011811126e+00 1.700000000000000000e+01 1.403566884761819900e+01 8.124038404635960831e+00 7.000000000000000000e+00 1.034408043278860134e+01 5.656854249492380582e+00 9.539392014169456147e+00 6.557438524302000360e+00 1.558845726811989607e+01 1.374772708486752038e+01 1.396424004376894068e+01 1.445683229480096088e+01 4.690415759823429731e+00 2.236067977499789805e+00 9.110433579144299188e+00 1.603121954188139853e+01 5.099019513592784492e+00 9.695359714832658682e+00 6.782329983125268136e+00 1.630950643030008962e+01 8.366600265340755627e+00 9.433981132056603158e+00 1.926136028425822388e+01 1.256980508997653523e+01
1.897366596101027625e+01 1.414213562373095101e+01 1.920937271229854559e+01 1.445683229480096088e+01 1.705872210923197940e+01 1.702938636592640265e+01 1.280624847486569706e+01 1.204159457879229578e+01 1.577973383805949936e+01 1.824828759089465890e+01 1.862793601019715695e+01 1.714642819948224783e+01 1.469693845669906906e+01 0.000000000000000000e+00 1.849324200890692893e+01 1.452583904633394951e+01 1.857417562100670949e+01 1.268857754044952024e+01 5.385164807134503739e+00 2.200000000000000000e+01 3.162277660168379523e+00 9.848857801796103928e+00 6.708203932499369415e+00 6.557438524302000360e+00 8.306623862918074863e+00 1.174734012447073006e+01 1.135781669160054719e+01 5.385164807134504628e+00 1.462873883832779320e+01 1.688194301613413373e+01 9.949874371066199430e+00 1.854723699099140788e+01 1.479864858694874208e+01 1.862793601019715695e+01 5.196152422706632024e+00 7.280109889280518054e+00 5.196152422706632024e+00 9.848857801796103928e+00 1.679285562374666441e+01 1.676305461424021104e+01 1.244989959798873258e+01 6.082762530298219339e+00 1.593737745050922783e+01 6.480740698407860378e+00 1.702938636592640265e+01 1.435270009440732331e+01 1.964688270438849926e+01 9.433981132056603158e+00 1.396424004376894068e+01 9.899494936611665352e+00
1.749285568453590045e+01 1.838477631085023489e+01 1.307669683062202104e+01 1.403566884761819900e+01 7.549834435270749822e+00 5.099019513592784492e+00 1.667333200053306541e+01 1.552417469626002422e+01 1.396424004376894068e+01 2.142428528562854950e+01 5.385164807134503739e+00 2.034698994937580352e+01 1.224744871391589029e+01 1.849324200890692893e+01 0.000000000000000000e+00 2.080865204668481283e+01 1.417744687875782539e+01 2.104756517984918673e+01 1.941648783894759944e+01 1.086278049120021549e+01 2.014944167960988608e+01 1.802775637731994607e+01 1.236931687685298087e+01 1.590597372058686609e+01 1.396424004376894068e+01 1.319090595827291956e+01 1.307669683062202104e+01 1.424780684877500647e+01 4.690415759823429731e+00 5.744562646538028616e+00 1.500000000000000000e+01 1.516575088810310135e+01 4.582575694955839829e+00 1.780449381476485726e+01 2.042057785666213832e+01 1.926136028425822388e+01 1.723368793961408585e+01 1.752141546793523119e+01 8.124038404635960831e+00 1.170469991071962568e+01 1.746424919657297892e+01 1.734935157289747210e+01 1.349073756323204165e+01 1.319090595827291956e+01 7.071067811865475505e+00 9.273618495495703939e+00 1.994993734326000379e+01 9.110433579144299188e+00 1.459451951932642366e+01 1.303840481040529831e+01
1.479864858694874208e+01 3.316624790355400254e+00 1.363818169698585514e+01 1.319090595827291956e+01 1.428285685708570085e+01 1.700000000000000000e+01 4.358898943540673976e+00 1.157583690279022548e+01 8.124038404635960831e+00 1.702938636592640265e+01 1.708800749063506075e+01 1.486606874731850603e+01 1.479864858694874208e+01 1.452583904633394951e+01 2.080865204668481283e+01 0.000000000000000000e+00 2.694438717061495936e+01 1.407124727947028830e+01 1.581138830084189628e+01 1.682260384126072239e+01 1.315294643796590535e+01 7.615773105863908654e+00 1.363818169698585514e+01 1.854723699099140788e+01 1.870828693386970798e+01 8.062257748298549132e+00 1.606237840420901009e+01 1.489966442575133954e+01 1.746424919657297892e+01 1.881488772222677852e+01 6.633249580710799620e+00 1.987460691435179072e+01 1.928730152198590986e+01 1.886796226411320632e+01 1.854723699099140788e+01 1.923538406167134340e+01 1.843908891458577415e+01 2.213594362117865444e+01 1.688194301613413373e+01 1.593737745050922783e+01 6.000000000000000000e+00 1.208304597359457233e+01 1.118033988749894903e+01 1.135781669160054719e+01 1.565247584249852864e+01 1.835755975068581947e+01 1.920937271229854559e+01 1.568438714135812262e+01 1.661324772583614973e+01 1.004987562112088995e+01
1.931320791582796659e+01 2.435159132377184221e+01 1.984943324127920761e+01 1.593737745050922783e+01 1.860107523773827509e+01 1.479864858694874208e+01 2.291287847477919826e+01 2.404163056034261459e+01 2.204540768504860182e+01 1.913112646970899178e+01 1.749285568453590045e+01 1.946792233393178506e+01 1.403566884761819900e+01 1.857417562100670949e+01 1.417744687875782539e+01 2.694438717061495936e+01 0.000000000000000000e+00 1.881488772222677852e+01 1.643167672515498268e+01 2.090454496036687360e+01 1.982422760159900932e+01 2.441311123146740414e+01 1.673320053068151125e+01 1.224744871391589029e+01 1.667333200053306541e+01 1.941648783894759944e+01 2.073644135332772009e+01 1.737814719698276633e+01 1.244989959798873258e+01 1.166190378969060149e+01 2.083266665599965961e+01 1.252996408614166768e+01 1.086278049120021549e+01 1.516575088810310135e+01 1.655294535724684835e+01 1.392838827718411920e+01 1.407124727947028830e+01 1.048808848170151542e+01 1.345362404707370985e+01 1.442220510185595650e+01 2.167948338867880054e+01 2.177154105707723986e+01 1.884144368141677361e+01 1.682260384126072239e+01 1.584297951775485913e+01 1.889444362769118513e+01 1.705872210923197940e+01 1.303840481040529831e+01 2.362202362203543160e+01 2.051828452868319275e+01
1.004987562112088995e+01 1.220655561573370207e+01 1.456021977856103611e+01 8.366600265340755627e+00 1.772004514666934938e+01 1.711724276862369010e+01 1.220655561573370207e+01 1.964688270438849926e+01 1.428285685708570085e+01 6.324555320336759046e+00 1.933907960581371555e+01 5.744562646538028616e+00 9.848857801796103928e+00 1.268857754044952024e+01 2.104756517984918673e+01 1.407124727947028830e+01 1.881488772222677852e+01 0.000000000000000000e+00 8.602325267042626677e+00 1.951922129594313660e+01 1.044030650891055068e+01 1.606237840420901009e+01 1.476482306023340030e+01 1.240967364599085698e+01 1.886796226411320632e+01 1.170469991071962568e+01 2.068816086557720269e+01 1.562049935181330795e+01 1.640121946685672683e+01 1.630950643030008962e+01 1.208304597359457233e+01 1.135781669160054719e+01 1.737814719698276633e+01 9.273618495495703939e+00 1.224744871391589029e+01 1.095445115010332238e+01 1.303840481040529831e+01 1.428285685708570085e+01 1.445683229480096088e+01 1.174734012447073006e+01 9.055385138137417300e+00 1.618641405623864671e+01 1.135781669160054719e+01 1.170469991071962568e+01 1.603121954188139853e+01 2.202271554554523902e+01 9.000000000000000000e+00 1.442220510185595650e+01 2.310844001658268709e+01 1.577973383805949936e+01
1.640121946685672683e+01 1.473091986265623454e+01 1.838477631085023489e+01 1.232882800593795203e+01 1.805547008526778896e+01 1.723368793961408585e+01 1.374772708486752038e+01 1.624807680927192166e+01 1.643167672515498268e+01 1.421267040355189515e+01 1.944222209522358114e+01 1.360147050873544394e+01 1.268857754044952024e+01 5.385164807134503739e+00 1.941648783894759944e+01 1.581138830084189628e+01 1.643167672515498268e+01 8.602325267042626677e+00 0.000000000000000000e+00 2.202271554554523902e+01 4.358898943540673976e+00 1.349073756323204165e+01 9.899494936611665352e+00 5.477225575051661188e+00 1.208304597359457233e+01 1.244989959798873258e+01 1.568438714135812262e+01 9.486832980505138124e+00 1.500000000000000000e+01 1.630950643030008962e+01 1.157583690279022548e+01 1.526433752247374720e+01 1.516575088810310135e+01 1.489966442575133954e+01 3.741657386773941329e+00 3.741657386773941329e+00 5.099019513592784492e+00 7.874007874011811126e+00 1.584297951775485913e+01 1.489966442575133954e+01 1.208304597359457233e+01 1.095445115010332238e+01 1.500000000000000000e+01 8.306623862918074863e+00 1.700000000000000000e+01 1.774823934929884928e+01 1.565247584249852864e+01 1.067707825203131122e+01 1.849324200890692893e+01 1.307669683062202104e+01
1.183215956619923226e+01 1.400000000000000000e+01 5.385164807134503739e+00 1.135781669160054719e+01 5.916079783099616130e+00 7.071067811865475505e+00 1.326649916142159924e+01 1.746424919657297892e+01 8.774964387392122589e+00 1.791647286716891685e+01 5.916079783099616130e+00 1.643167672515498268e+01 1.077032961426900748e+01 2.200000000000000000e+01 1.086278049120021549e+01 1.682260384126072239e+01 2.090454496036687360e+01 1.951922129594313660e+01 2.202271554554523902e+01 0.000000000000000000e+00 2.222611077089286979e+01 1.824828759089465890e+01 1.676305461424021104e+01 2.104756517984918673e+01 2.100000000000000000e+01 1.122497216032182443e+01 1.846618531261938756e+01 1.920937271229854559e+01 1.048808848170151542e+01 9.433981132056603158e+00 1.396424004376894068e+01 1.400000000000000000e+01 1.244989959798873258e+01 1.532970971675589134e+01 2.455605831561734931e+01 2.334523505985750447e+01 2.233830790368867625e+01 2.343074902771996193e+01 7.874007874011811126e+00 9.219544457292887074e+00 1.396424004376894068e+01 2.032240143290157519e+01 8.366600265340755627e+00 1.555634918610404505e+01 5.830951894845300743e+00 1.630950643030008962e+01 1.679285562374666441e+01 1.459451951932642366e+01 1.926136028425822388e+01 1.462873883832779320e+01
1.772004514666934938e+01 1.288409872672512613e+01 1.878829422805593552e+01 1.367479433117734366e+01 1.780449381476485726e+01 1.794435844492636178e+01 1.191637528781298450e+01 1.337908816025965208e+01 1.539480431834065222e+01 1.640121946685672683e+01 1.962141687034858251e+01 1.529705854077835525e+01 1.435270009440732331e+01 3.162277660168379523e+00 2.014944167960988608e+01 1.315294643796590535e+01 1.982422760159900932e+01 1.044030650891055068e+01 4.358898943540673976e+00 2.222611077089286979e+01 0.000000000000000000e+00 1.004987562112088995e+01 8.774964387392122589e+00 8.062257748298549132e+00 1.135781669160054719e+01 1.148912529307605723e+01 1.374772708486752038e+01 8.062257748298549132e+00 1.593737745050922783e+01 1.780449381476485726e+01 9.643650760992954929e+00 1.805547008526778896e+01 1.640121946685672683e+01 1.757839583124694727e+01 5.744562646538028616e+00 7.549834435270749822e+00 7.000000000000000000e+00 1.118033988749894903e+01 1.720465053408525335e+01 1.652271164185830443e+01 1.100000000000000000e+01 7.681145747868607820e+00 1.529705854077835525e+01 7.348469228349534532e+00 1.760681686165900928e+01 1.673320053068151125e+01 1.827566688249706672e+01 1.118033988749894903e+01 1.615549442140351033e+01 1.095445115010332238e+01
1.846618531261938756e+01 8.544003745317530374e+00 1.630950643030008962e+01 1.489966442575133954e+01 1.349073756323204165e+01 1.584297951775485913e+01 7.280109889280518054e+00 5.099019513592784492e+00 1.048808848170151542e+01 2.034698994937580352e+01 1.593737745050922783e+01 1.841195263952196726e+01 1.565247584249852864e+01 9.848857801796103928e+00 1.802775637731994607e+01 7.615773105863908654e+00 2.441311123146740414e+01 1.606237840420901009e+01 1.349073756323204165e+01 1.824828759089465890e+01 1.004987562112088995e+01 0.000000000000000000e+00 8.246211251235321171e+00 1.476482306023340030e+01 1.224744871391589029e+01 8.306623862918074863e+00 9.273618495495703939e+00 8.831760866327847737e+00 1.506651917331936374e+01 1.754992877478424518e+01 5.477225575051661188e+00 2.109502310972898798e+01 1.630950643030008962e+01 2.102379604162863913e+01 1.489966442575133954e+01 1.630950643030008962e+01 1.421267040355189515e+01 1.849324200890692893e+01 1.676305461424021104e+01 1.708800749063506075e+01 9.486832980505138124e+00 5.099019513592784492e+00 1.367479433117734366e+01 7.681145747868607820e+00 1.532970971675589134e+01 1.268857754044952024e+01 2.197726097583591098e+01 1.174734012447073006e+01 9.899494936611665352e+00 5.000000000000000000e+00
1.723368793961408585e+01 1.252996408614166768e+01 1.529705854077835525e+01 1.240967364599085698e+01 1.122497216032182443e+01 1.144552314225959755e+01 1.063014581273464998e+01 7.874007874011811126e+00 1.191637528781298450e+01 1.870828693386970798e+01 1.256980508997653523e+01 1.729161646579058242e+01 1.204159457879229578e+01 6.708203932499369415e+00 1.236931687685298087e+01 1.363818169698585514e+01 1.673320053068151125e+01 1.476482306023340030e+01 9.899494936611665352e+00 1.676305461424021104e+01 8.774964387392122589e+00 8.246211251235321171e+00 0.000000000000000000e+00 8.124038404635960831e+00 5.477225575051661188e+00 8.306623862918074863e+00 6.164414002968976014e+00 2.449489742783178325e+00 9.110433579144299188e+00 1.200000000000000000e+01 7.348469228349534532e+00 1.676305461424021104e+01 9.486832980505138124e+00 1.772004514666934938e+01 1.048808848170151542e+01 1.104536101718726115e+01 8.124038404635960831e+00 1.157583690279022548e+01 1.236931687685298087e+01 1.356465996625053627e+01 1.140175425099137918e+01 5.477225575051661188e+00 1.276714533480370406e+01 3.316624790355399810e+00 1.178982612255159523e+01 8.062257748298549132e+00 1.926136028425822388e+01 4.242640687119284770e+00 9.055385138137417300e+00 5.000000000000000000e+00
1.774823934929884928e+01 1.705872210923197940e+01 1.849324200890692893e+01 1.303840481040529831e+01 1.661324772583614973e+01 1.500000000000000000e+01 1.558845726811989607e+01 1.581138830084189628e+01 1.714642819948224783e+01 1.667333200053306541e+01 1.732050807568877460e+01 1.615549442140351033e+01 1.244989959798873258e+01 6.557438524302000360e+00 1.590597372058686609e+01 1.854723699099140788e+01 1.224744871391589029e+01 1.240967364599085698e+01 5.477225575051661188e+00 2.104756517984918673e+01 8.062257748298549132e+00 1.476482306023340030e+01 8.124038404635960831e+00 0.000000000000000000e+00 8.602325267042626677e+00 1.315294643796590535e+01 1.349073756323204165e+01 7.615773105863908654e+00 1.204159457879229578e+01 1.363818169698585514e+01 1.280624847486569706e+01 1.479864858694874208e+01 1.148912529307605723e+01 1.562049935181330795e+01 4.898979485566355763e+00 3.741657386773941774e+00 2.000000000000000444e+00 3.741657386773941329e+00 1.417744687875782539e+01 1.435270009440732331e+01 1.456021977856103611e+01 1.122497216032182443e+01 1.565247584249852864e+01 8.062257748298549132e+00 1.539480431834065222e+01 1.459451951932642366e+01 1.700000000000000000e+01 7.615773105863908654e+00 1.661324772583614973e+01 1.268857754044952024e+01
2.211334438749598164e+01 1.791647286716891685e+01 2.019900987672415482e+01 1.714642819948224783e+01 1.529705854077835525e+01 1.486606874731850603e+01 1.603121954188139853e+01 1.067707825203131122e+01 1.720465053408525335e+01 2.306512518934159317e+01 1.593737745050922783e+01 2.193171219946130890e+01 1.640121946685672683e+01 8.306623862918074863e+00 1.396424004376894068e+01 1.870828693386970798e+01 1.667333200053306541e+01 1.886796226411320632e+01 1.208304597359457233e+01 2.100000000000000000e+01 1.135781669160054719e+01 1.224744871391589029e+01 5.477225575051661188e+00 8.602325267042626677e+00 0.000000000000000000e+00 1.374772708486752038e+01 6.324555320336759046e+00 4.000000000000000000e+00 1.187434208703791683e+01 1.489966442575133954e+01 1.272792206135785520e+01 2.032240143290157519e+01 1.122497216032182443e+01 2.167948338867880054e+01 1.086278049120021549e+01 1.183215956619923226e+01 8.124038404635960831e+00 1.095445115010332238e+01 1.615549442140351033e+01 1.783255450012700649e+01 1.679285562374666441e+01 7.874007874011811126e+00 1.791647286716891685e+01 8.544003745317530374e+00 1.577973383805949936e+01 8.062257748298549132e+00 2.334523505985750447e+01 7.211102550927978250e+00 9.273618495495703939e+00 9.643650760992954929e+00
1.067707825203131122e+01 5.477225575051661188e+00 8.306623862918074863e+00 7.141428428542850426e+00 7.549834435270749822e+00 9.273618495495703939e+00 3.741657386773940885e+00 9.949874371066199430e+00 4.123105625617660586e+00 1.389244398944980396e+01 1.004987562112088995e+01 1.191637528781298450e+01 7.874007874011811126e+00 1.174734012447073006e+01 1.319090595827291956e+01 8.062257748298549132e+00 1.941648783894759944e+01 1.170469991071962568e+01 1.244989959798873258e+01 1.122497216032182443e+01 1.148912529307605723e+01 8.306623862918074863e+00 8.306623862918074863e+00 1.315294643796590535e+01 1.374772708486752038e+01 0.000000000000000000e+00 1.204159457879229578e+01 1.044030650891055068e+01 9.486832980505138124e+00 1.081665382639196871e+01 3.000000000000000000e+00 1.349073756323204165e+01 1.135781669160054719e+01 1.360147050873544394e+01 1.513274595042155646e+01 1.486606874731850603e+01 1.374772708486752038e+01 1.652271164185830443e+01 9.165151389911679658e+00 9.000000000000000000e+00 4.582575694955839829e+00 1.034408043278860134e+01 5.477225575051661188e+00 5.830951894845300743e+00 8.124038404635960831e+00 1.280624847486569706e+01 1.476482306023340030e+01 8.544003745317530374e+00 1.360147050873544394e+01 6.000000000000000000e+00
2.202271554554523902e+01 1.565247584249852864e+01 1.854723699099140788e+01 1.749285568453590045e+01 1.256980508997653523e+01 1.374772708486752038e+01 1.374772708486752038e+01 5.477225575051661188e+00 1.442220510185595650e+01 2.441311123146740414e+01 1.363818169698585514e+01 2.282542442102665348e+01 1.700000000000000000e+01 1.135781669160054719e+01 1.307669683062202104e+01 1.606237840420901009e+01 2.073644135332772009e+01 2.068816086557720269e+01 1.568438714135812262e+01 1.846618531261938756e+01 1.374772708486752038e+01 9.273618495495703939e+00 6.164414002968976014e+00 1.349073756323204165e+01 6.324555320336759046e+00 1.204159457879229578e+01 0.000000000000000000e+00 6.324555320336759046e+00 1.187434208703791683e+01 1.516575088810310135e+01 1.086278049120021549e+01 2.193171219946130890e+01 1.208304597359457233e+01 2.319482700948640286e+01 1.555634918610404505e+01 1.661324772583614973e+01 1.319090595827291956e+01 1.649242250247064234e+01 1.603121954188139853e+01 1.805547008526778896e+01 1.568438714135812262e+01 7.071067811865475505e+00 1.676305461424021104e+01 9.000000000000000000e+00 1.445683229480096088e+01 4.582575694955839829e+00 2.483948469674844262e+01 8.717797887081347952e+00 3.162277660168379523e+00 6.403124237432848531e+00
1.920937271229854559e+01 1.417744687875782539e+01 1.766352173265569547e+01 1.435270009440732331e+01 1.363818169698585514e+01 1.374772708486752038e+01 1.236931687685298087e+01 8.602325267042626677e+00 1.414213562373095101e+01 2.009975124224177989e+01 1.489966442575133954e+01 1.878829422805593552e+01 1.403566884761819900e+01 5.385164807134504628e+00 1.424780684877500647e+01 1.489966442575133954e+01 1.737814719698276633e+01 1.562049935181330795e+01 9.486832980505138124e+00 1.920937271229854559e+01 8.062257748298549132e+00 8.831760866327847737e+00 2.449489742783178325e+00 7.615773105863908654e+00 4.000000000000000000e+00 1.044030650891055068e+01 6.324555320336759046e+00 0.000000000000000000e+00 1.118033988749894903e+01 1.407124727947028830e+01 9.055385138137417300e+00 1.846618531261938756e+01 1.122497216032182443e+01 1.933907960581371555e+01 9.273618495495703939e+00 1.039230484541326405e+01 7.071067811865475505e+00 1.095445115010332238e+01 1.459451951932642366e+01 1.568438714135812262e+01 1.303840481040529831e+01 4.690415759823429731e+00 1.500000000000000000e+01 5.000000000000000000e+00 1.417744687875782539e+01 9.000000000000000000e+00 2.080865204668481283e+01 6.000000000000000000e+00 9.273618495495703939e+00 6.708203932499369415e+00
1.392838827718411920e+01 1.489966442575133954e+01 1.063014581273464998e+01 9.848857801796103928e+00 6.403124237432848531e+00 3.464101615137754830e+00 1.319090595827291956e+01 1.374772708486752038e+01 1.118033988749894903e+01 1.723368793961408585e+01 5.744562646538028616e+00 1.612451549659709826e+01 8.124038404635960831e+00 1.462873883832779320e+01 4.690415759823429731e+00 1.746424919657297892e+01 1.244989959798873258e+01 1.640121946685672683e+01 1.500000000000000000e+01 1.048808848170151542e+01 1.593737745050922783e+01 1.506651917331936374e+01 9.110433579144299188e+00 1.204159457879229578e+01 1.187434208703791683e+01 9.486832980505138124e+00 1.187434208703791683e+01 1.118033988749894903e+01 0.000000000000000000e+00 3.316624790355399810e+00 1.135781669160054719e+01 1.174734012447073006e+01 2.236067977499789805e+00 1.403566884761819900e+01 1.640121946685672683e+01 1.513274595042155646e+01 1.345362404707370985e+01 1.403566884761819900e+01 5.099019513592784492e+00 8.185352771872450361e+00 1.345362404707370985e+01 1.431782106327635340e+01 1.000000000000000000e+01 9.165151389911679658e+00 4.898979485566355763e+00 9.486832980505138124e+00 1.612451549659709826e+01 5.385164807134503739e+00 1.403566884761819900e+01 1.029563014098700080e+01
1.236931687685298087e+01 1.590597372058686609e+01 9.486832980505138124e+00 9.055385138137417300e+00 7.348469228349534532e+00 3.316624790355399810e+00 1.445683229480096088e+01 1.667333200053306541e+01 1.191637528781298450e+01 1.593737745050922783e+01 6.164414002968976014e+00 1.506651917331936374e+01 7.000000000000000000e+00 1.688194301613413373e+01 5.744562646538028616e+00 1.881488772222677852e+01 1.166190378969060149e+01 1.630950643030008962e+01 1.630950643030008962e+01 9.433981132056603158e+00 1.780449381476485726e+01 1.754992877478424518e+01 1.200000000000000000e+01 1.363818169698585514e+01 1.489966442575133954e+01 1.081665382639196871e+01 1.516575088810310135e+01 1.407124727947028830e+01 3.316624790355399810e+00 0.000000000000000000e+00 1.319090595827291956e+01 9.433981132056603158e+00 4.242640687119285658e+00 1.208304597359457233e+01 1.805547008526778896e+01 1.630950643030008962e+01 1.529705854077835525e+01 1.516575088810310135e+01 3.000000000000000000e+00 6.324555320336759046e+00 1.421267040355189515e+01 1.714642819948224783e+01 9.539392014169456147e+00 1.144552314225959755e+01 4.358898943540673976e+00 1.268857754044952024e+01 1.424780684877500647e+01 8.124038404635960831e+00 1.726267650163206824e+01 1.300000000000000000e+01
1.307669683062202104e+01 5.196152422706632024e+00 1.122497216032182443e+01 9.486832980505138124e+00 9.797958971132711525e+00 1.170469991071962568e+01 3.316624790355399366e+00 8.124038404635960831e+00 6.164414002968976014e+00 1.542724862054151203e+01 1.232882800593795203e+01 1.345362404707370985e+01 1.034408043278860134e+01 9.949874371066199430e+00 1.500000000000000000e+01 6.633249580710799620e+00 2.083266665599965961e+01 1.208304597359457233e+01 1.157583690279022548e+01 1.396424004376894068e+01 9.643650760992954929e+00 5.477225575051661188e+00 7.348469228349534532e+00 1.280624847486569706e+01 1.272792206135785520e+01 3.000000000000000000e+00 1.086278049120021549e+01 9.055385138137417300e+00 1.135781669160054719e+01 1.319090595827291956e+01 0.000000000000000000e+00 1.584297951775485913e+01 1.296148139681572076e+01 1.574801574802362225e+01 1.400000000000000000e+01 1.435270009440732331e+01 1.296148139681572076e+01 1.643167672515498268e+01 1.187434208703791683e+01 1.174734012447073006e+01 4.898979485566355763e+00 7.874007874011811126e+00 8.306623862918074863e+00 5.000000000000000000e+00 1.081665382639196871e+01 1.268857754044952024e+01 1.676305461424021104e+01 9.055385138137417300e+00 1.232882800593795203e+01 4.582575694955839829e+00
7.483314773547882659e+00 1.673320053068151125e+01 1.063014581273464998e+01 6.708203932499369415e+00 1.424780684877500647e+01 1.157583690279022548e+01 1.612451549659709826e+01 2.238302928559939176e+01 1.473091986265623454e+01 8.306623862918074863e+00 1.424780684877500647e+01 8.602325267042626677e+00 5.656854249492380582e+00 1.854723699099140788e+01 1.516575088810310135e+01 1.987460691435179072e+01 1.252996408614166768e+01 1.135781669160054719e+01 1.526433752247374720e+01 1.400000000000000000e+01 1.805547008526778896e+01 2.109502310972898798e+01 1.676305461424021104e+01 1.479864858694874208e+01 2.032240143290157519e+01 1.349073756323204165e+01 2.193171219946130890e+01 1.846618531261938756e+01 1.174734012447073006e+01 9.433981132056603158e+00 1.584297951775485913e+01 0.000000000000000000e+00 1.244989959798873258e+01 3.316624790355399366e+00 1.797220075561142849e+01 1.539480431834065222e+01 1.658312395177700083e+01 1.552417469626002422e+01 7.874007874011811126e+00 5.385164807134503739e+00 1.396424004376894068e+01 2.100000000000000000e+01 9.899494936611665352e+00 1.462873883832779320e+01 1.086278049120021549e+01 2.083266665599965961e+01 5.477225575051661188e+00 1.360147050873544394e+01 2.439262183530093608e+01 1.805547008526778896e+01
